nuvem0:   4.812771797180176
nuvem0_Delaunay:   4.815165042877197
nuvem1:   58.931310415267944
nuvem1_Delaunay:   56.99691581726074
nuvem2:   94.0477306842804
nuvem2_Delaunay:   90.05229473114014
nuvem40:   132.688560962677
nuvem40_Delaunay:   127.17945671081543
nuvem50:   232.43143939971924
nuvem50_Delaunay:   235.54776787757874
nuvem60:   375.70516872406006
nuvem60_Delaunay:   423.4839360713959
nuvem70:   602.9959945678711
nuvem70_Delaunay:   558.1150600910187
nuvem80:   785.2512013912201
nuvem80_Delaunay:   789.7327656745911
nuvem90:   977.9633893966675
nuvem90_Delaunay:   1018.8442785739899
