nuvem0:   3.990436553955078
nuvem0_Delaunay:   3.8532936573028564
nuvem1:   39.49113702774048
nuvem1_Delaunay:   33.15928030014038
nuvem2:   57.29576277732849
nuvem2_Delaunay:   45.36573886871338
nuvem40:   59.35804009437561
nuvem40_Delaunay:   56.55067777633667
nuvem50:   139.59889340400696
nuvem50_Delaunay:   126.53218483924866
nuvem60:   186.4445858001709
nuvem60_Delaunay:   142.4322385787964
nuvem70:   244.4589021205902
nuvem70_Delaunay:   206.38901901245117
nuvem80:   316.4166886806488
nuvem80_Delaunay:   274.5921006202698
nuvem90:   384.39307284355164
nuvem90_Delaunay:   274.65643072128296
