nuvem0:   3.4451472759246826
nuvem0_Delaunay:   3.303776502609253
nuvem1:   18.291641235351562
nuvem1_Delaunay:   16.689274787902832
nuvem2:   22.908146142959595
nuvem2_Delaunay:   20.860404014587402
nuvem40:   30.35467839241028
nuvem40_Delaunay:   29.683305740356445
nuvem50:   54.55735445022583
nuvem50_Delaunay:   51.99113893508911
nuvem60:   72.08343625068665
nuvem60_Delaunay:   59.60659193992615
nuvem70:   78.9517514705658
nuvem70_Delaunay:   69.59338545799255
nuvem80:   104.7683093547821
nuvem80_Delaunay:   87.62567138671875
nuvem90:   143.76195669174194
nuvem90_Delaunay:   142.58516097068787
